1
Usman
1997
191
5
2
Marvelous
1487
137
5
4
Naf
1428
135
5
4
Josh
1377
122
5
5
weis
1369
145
5
6
Noah
1364
131
5
7
Nicky
1289
125
5
8
Todor
1244
126
5
9
Matthew
1219
107
4
10
Aqib
1216
106
4
11
shlok U
1211
105
4
12
mia
1206
117
4
13
Marius
1201
127
5
14
jack
1198
102
4
15
ALEX
1198
114
4
16
mm
1195
126
5
17
tom
1180
110
4
18
Dima
1177
109
4
19
mason
1164
118
4
20
sage
1139
112
4
21
Sup
1134
111
4
22
ata
1131
110
4
23
TF
1128
121
5
24
Ayo
1123
95
4
25
Will
1121
108
4
26
sami
1120
107
4
27
toby
1116
106
4
28
george
1107
104
4
29
maciej
1100
101
4
30
Arun
1094
113
4
31
victor
1090
113
4
32
Bailey
1090
100
4
33
Jude
1087
111
4
34
Kavin
1086
98
4
35
rames
1086
98
4
36
jayaed
1084
98
4
37
DANOSSO
1084
98
4
38
billy
1082
110
4
39
hj
1076
108
4
40
Jamie
1071
95
4
41
Liam
1066
106
4
42
Juro
1064
131
5
43
Junaid
1057
104
4
44
Theo
1052
103
4
45
shlok
1051
103
4
46
jayson
1040
100
4
47
Shebaan
1040
112
4
48
Sen
1032
97
4
49
Ilyas
1030
97
4
50
Safwaan Rahman
1022
95
4
51
LUK
1019
94
4
52
thomas
1011
92
4
53
yakob
1006
104
4
54
Henry
1005
91
4
55
lewis
1005
104
4
56
Ted
989
100
4
57
sam
986
86
3
58
aqsa
982
97
4
59
tayo
981
97
4
60
Jack
978
96
4
61
Matt
957
104
4
62
abad
954
90
4
63
Freddie
944
101
4
64
oli
935
85
3
65
megan
932
97
4
66
Sasha
925
83
3
67
Eddie
924
95
4
68
will
924
108
4
69
Aiken
923
95
4
70
tj
919
81
3
71
Joshua
915
106
4
72
Jacob
914
106
4
73
reuben
908
79
3
74
wq
907
78
3
75
Lucy
906
91
4
76
Arina
903
103
4
77
zak
902
90
4
78
Ross
901
91
4
79
Aryan
897
114
4
80
Aidan
884
85
3
81
Leo
883
85
3
82
Jamie
878
83
3
83
min
874
82
3
84
liam
872
82
3
85
raina
852
90
4
86
emsrd
838
73
3
87
Isaac]
834
72
3
88
kohei
832
72
3
89
Isaac
824
82
3
90
reece
821
95
4
91
ethan x
820
82
3
92
Alex
814
93
4
93
wq
812
79
3
94
Noah
811
80
3
95
pasha
805
78
3
96
Matthew Oldham
803
103
4
97
kaya
794
88
3
98
Owen
790
74
3
99
Josh
789
73
3
100
James
789
87
3
101
Marcus
788
86
3
102
cpc
785
73
3
103
Alan
783
72
3
104
JP
781
71
3
105
lola
781
71
3
106
charlie
781
84
3
107
aziz
777
71
3
108
tahmid
775
70
3
109
better than leo
767
68
3
110
THEO
762
80
3
111
edie
756
78
3
112
sylvie
754
90
4
113
wojtek
754
65
3
114
leong
748
64
3
115
Yazan
744
87
3
116
Miah
741
99
4
117
markel
739
86
3
118
Haaris
738
99
4
119
jack oakes
733
72
3
120
ben
733
72
3
121
cheese
729
58
2
122
leo
726
70
3
123
victoria
710
66
3
124
Otis
707
79
3
125
jayson
693
75
3
126
bayley
692
74
3
127
ivan
684
73
3
128
jaime
683
72
3
129
AMELIE
676
71
3
130
Luis
672
69
3
131
Wendy
666
67
3
132
Scott
657
91
4
133
henry
644
62
3
134
jaime
639
74
3
135
Ava
637
73
3
136
mia
634
72
3
137
matthew
610
66
3
138
ROCKY
608
66
3
139
Jacob J
583
98
4
140
Allen
547
50
2
141
Jupiter
537
86
3
142
marcel
531
46
2
143
erin
528
58
2
144
sahasra
520
56
2
145
a
518
56
2
146
anadya
487
48
2
147
mary
423
82
3
148
pat
392
49
2
149
Jeff
359
66
3
150
Rhys
346
37
2
151
Ern Qi
334
60
3
152
Liv
321
82
3
153
benny
314
29
1
154
fraser
204
39
2
155
fraser
156
39
2
156
sonia
78
7
1
157
Test
53
14
1
158
dexter
7
2
1
